DL_D01: -1342.432><-461.2753><-1046.814><-323.6855><1><><100><115
DL_C02: -955.9565><-469.6087><-806.4782><-235.6956><1><><152><35
DL_S02: 267.1275><499.9508><-739.2797><-421.8633><1><><48><35
DL_A03: -1166.168><-146.3643><-998.1542><12.80327><1><><48><35
DL_C05: -985.9116><193.7247><-770.393><60.73667><1><><48><115
DL_B06: -852.6074><504.7469><-709.3024><403.9145><1><><72><83
DL_A07: -747.698><302.3024><-597.6034><280.1812><1><><60><33
DL_J08: -322.7595><-469.3642><-458.3576><-291.7299><1><><264><78
DL_E09: 394.9567><-468.5825><77.1942><-294.7967><1><><204><78
DL_E10: -341.6788><-120.1381><-559.5608><1.025537><1><><308><78
DL_F12: 410.9394><-115.5421><176.835><71.35895><1><><159><75
DL_S12: 445.3536><475.062><294.9004><-62.26334><1><><48><35
DL_D13: 777.1813><-46.56422><607.1716><-6.285593><1><><41><163
DL_A14: 829.8909><-409.0714><621.4598><-166.0855><1><><76><52
DL_A15: 1014.532><246.4135><796.1059><341.959><1><><66><39
DL_A18: 1108.942><-584.0046><862.6444><-336.7521><1><><68><39
DL_L20: 1975.933><195.3731><1482.324><114.0922><1><><276><116
DL_S22: 179.937><365.3287><2298.367><-275.5966><1><><48><35
DL_A24: 838.4711><-616.7158><536.7963><-434.8856><1><><48><35
DL_B26: -282.3516><410.1287><-442.1704><540.0476><1><><100><35
DL_S26: 388.9889><336.1731><-399.4828><397.8256><1><><48><35
DL_D28: -840.3262><879.1469><-702.8993><630.7589><1><><73><163
OffScreenDen_DL: -794.3638><-501.1197><476.6986><-5.063244><0><NONE><0><0
Connection: DL_D01,DL_A03,0,0,0,0,0,0
Connection: DL_D01,DL_J08,0,0,0,0,0,0
Connection: DL_A03,DL_C05,0,0,0,0,0,0
Connection: DL_C05,DL_B06,0,0,0,0,0,0
Connection: DL_C05,DL_A07,0,0,0,0,0,0
Connection: DL_C05,DL_F12,0,0,0,0,0,0
Connection: DL_B06,DL_D28,0,0,0,0,0,0
Connection: DL_B06,DL_A07,0,0,0,0,0,0
Connection: DL_J08,DL_D13,0,0,0,0,0,0
Connection: DL_J08,DL_F12,0,0,0,0,0,0
Connection: DL_F12,DL_D13,0,0,0,0,0,0
Connection: DL_D13,DL_A15,0,0,0,0,0,0
