AU_C02: 624,1155,48,35
AU_A01: 44,1001,48,35
AU_C05: 65,1049,48,35
AU_DL_AU: 10,959,48,35
AU_B01: 128,1103,100,35
AU_A04: 169,1145,48,35
AU_B02: 178,1058,48,35
AU_A03: 122,1050,48,35
AU_B05: 104,1000,113,35
AU_A12: 534,944,68,39
AU_A14: 659,906,48,35
AU_S03: 663,961,48,35
AU_AL_AU: 691,864,48,35
AU_B14: 720,900,100,35
AU_A13: 748,941,48,48
AU_B06: 285,1204,48,35
AU_C03: 832,891,48,35
AU_B15: 890,907,48,35
AU_A15: 867,945,68,39
AU_C01: 256,1082,48,35
AU_C04: 809,988,48,35
AU_D02: 712,997,48,35
AU_A10: 812,1049,48,35
AU_B08: 605,893,48,75
AU_B07: 544,984,48,75
AU_B10: 712,1064,48,75
AU_A09: 809,1100,48,35
AU_D04: 622,1076,48,35
AU_S01: 63,957,68,39
AU_D03: 874,1022,48,35
AU_D01: 347,1012,175,78
AU_A17: 334,1104,58,41
AU_B04: 240,1027,100,35
AU_B03: 233,1146,100,41
AU_A05: 343,1198,48,35
AU_A16: 341,1152,48,38
AU_S02: 294,1060,48,35
AU_C06: 468,1127,48,35
AU_B09: 711,1193,48,78
AU_A07: 707,1150,48,35
AU_A08: 766,1146,48,35
AU_B11: 816,1169,48,35
AU_A11: 870,1170,48,35
AU_B13: 930,1121,48,75
