GATE_DL_AL: 2213,1736,48,35
DL_01: 370,3059,101,75
DL_S12: 892,700,68,39
DL_03: 472,2973,48,35
DL_04: 457,1690,100,75
DL_05: 609,1616,48,115
DL_06: 633,1485,72,83
DL_07: 786,1585,60,33
DL_08: 1660,1819,170,39
DL_59: 1196,1841,172,79
DL_10: 913,1850,276,52
DL_11: 1137,1900,48,35
DL_S13: 1546,2974,48,35
DL_14: 1378,1847,168,76
DL_15: 982,3176,68,41
DL_16: 1396,3136,48,75
DL_17: 1398,2022,48,35
DL_18: 1672,3085,68,39
DL_19: 1659,490,172,116
DL_20: 1841,487,100,75
DL_21: 1833,2997,324,45
DL_22: 2056,1673,129,85
DL_S22: 2198,400,74,93
DL_23: 632,1214,73,163
DL_24: 1276,3155,48,35
DL_S24: 1280,1993,48,35
DL_25: 976,1923,68,38
DL_26: 874,421,100,35
DL_S26: 801,1640,68,38
DL_27: 920,472,48,35
DL_28: 804,3184,152,35
DL_29: 1797,313,69,48
DL_30: 1953,488,100,75
DL_32: 800,1704,100,35
DL_33: 316,3111,68,38
DL_S33: 297,1934,48,35
DL_34: 314,3024,60,45
DL_35: 159,3015,128,69
DL_36: 10,2991,133,47
DL_37: 1098,3224,120,38
DL_38: 1452,3131,123,40
DL_39: 953,523,48,115
DL_40: 830,1923,48,35
DL_41: 508,3098,48,35
DL_42: 463,3013,48,35
DL_44: 878,3226,120,82
DL_45: 777,2067,48,35
DL_46: 1092,3261,100,35
DL_49: 1075,3302,230,157
DL_50: 610,2046,66,159
DL_52: 857,3337,170,120
DL_56: 1812,362,48,115
DL_55: 1335,3300,226,156
DL_09: 1064,3141,204,78
DL_START: 912,1793,172,39
DL_58: 1011,2876,100,35
DL_12: 733,2979,176,124
DL_57: 1142,1672,216,75
DL_61: 1328,2841,120,35
DL_60: 980,2838,48,35
DL_62: 1582,1607,69,79
DL_02: 648,2595,48,75
DL_SHAFT: 1599,2919,48,355
DL_13TEXNEW: 1446,2859,100,155
DL_31: 601,3067,100,155
DL_HALLWAY01: 671,2903,100,35
DL_HALLWAY02: 694,2819,58,35
GATE_DL_AU: 1839,2189,48,35
DL_TRAIN06: 606,2270,96,35
DL_TRAIN05: 743,2271,144,35
DL_54: 1040,3521,222,81
DL_TRAIN04: 912,2271,196,35
DL_TRAIN03: 1162,3477,241,35
DL_TRAIN02: 1456,3474,256,35
