Template: DL_SettingsTemplate_Underground
CeilingDrips: 0.1405998
Grime: 0.1731999
RandomItemDensity: 0.3232
RandomItemSpearChance: 0.2507984
Effects: Contrast-0.02319999-1112.622-233.6383, WaterDepth-0.07539964-1111.555-181.5425, Darkness-0.5045936-1111.061-280.2555, DirtyWater-0.2609983-1112.662-329.8797, DarkenLights-0.4117949-1112.662-380.5711, 
PlacedObjects: DayNightSettings><-121.6368><523.4781><10.4539~-68.5766~2~33, FairyParticleSettings><100><100><-195.057~325.1859~0~1~1~0~1~1.4~60~500~40~100~5~30~0~360~0~0.2~0.15~0.25~0.05~0.15~1~0.1~8~Pixel~SIN_IO~SIN_IO~0~0~0, SlimeMold><534.7511><372.6338><366.5789~170.2164~2~3, SlimeMold><617.2211><385.1382><284.939~80.5726~2~3, SlimeMold><551.337><445.0605><340.4328~173.4179~2~3, PuffBall><390.6762><305.9207><34.14996~234.2477~2~3, Hazer><311.0604><248.6924><-275.3343~-123.7937~7~10, HangingPearls><299.4096><465.4224><, LanternOnStick><294.8802><336.4356><-30.41486~-70.75003, 
FadePalette: 2, 0.15
