Template: DL_SettingsTemplate_DustBowl
Grime: 0.5760869
Palette: 18
EffectColorA: 14
EffectColorB: 1
Effects: Bloom-0.1304348-20-20, Brightness-0.06521739-30-30, Contrast-0.05434782-40-40, 
PlacedObjects: CustomDecal><734.8696><179.1603><-14~211~150~228~176~-14~0~0~0.5652174~1~0~mathew_graf_9_sliverofbread~1~0~1~0~1~0~1~0, CustomDecal><493.9366><242.1782><-11~181~219~218~220~-18~0~0~0.4673913~1~0~sauercats_graf_4_scorpo~0.9347826~0~0.9347826~0~0.9347826~0~0.9347826~0, CustomDecal><614.8135><198.6779><-3~215~209~201~147~-3~0~0~0.6086956~1~0~proto_graf_2_eldritchhorrors~0.9021739~0~0.9021739~0~0.9021739~0~0.9021739~0, CustomDecal><2751.91><193.8794><0~322~348~301~280~-60~0~0~0.6413044~1~0~mathew_graf_7_threeoc~0.9347826~0.1630435~0.9347826~0.1630435~0.9347826~0.1630435~0.9347826~0.1630435, CustomDecal><2959.727><430.8014><-18~117~65~133~74~9~0~0~0~1~0~g1uten_graf_3_karma~0.5217391~0~0.5217391~0~0.5217391~0~0.5217391~0, CustomDecal><2944.507><324.3001><-7~183~141~180~145~0~0~0~0.4021739~1~0~g1uten_graf_1_ancientscript~1~0~1~0~1~0~1~0, CustomDecal><3262.825><610.6853><-30~364~735~364~713~5~0~0~0.6521739~1~0~notocorda_graf_4_DLE10~0.9782609~0.5217391~0.9782609~0.5217391~0.9782609~0.5217391~0.9782609~0.5217391, LightBeam><3940.633><562.4122><12~223~215~-147~187~-361~0~0~0.4108694~0~0.2065217~1~None~0~0, FirecrackerPlant><2236.28><232.1046><0~0~2~3, 
FadePalette: 3, 0.1304348, 0.1086956, 0.09782609, 0.09782609, 0.1304348
