Template: NONE
DangerType: DesertAndSandstorm
RainIntensity: 1
Clouds: 0
Grime: 0.1520041
RandomItemDensity: 0.5077332
Palette: 18
PlacedObjects: NoSpearStickZone><1960.974><184.8239><-89.6438~132, LanternOnStick><1834.565><174.0204><14.22913~-121.1556, LanternOnStick><2039.234><219.4907><-37.70728~-151.0222, LanternOnStick><2138.36><134.5776><18.49792~-82.04445, FairyParticleSettings><100><100><-250~100~0~1~1~0~1~1.4~60~500~40~100~5~30~0~360~0~0.2~0.15~0.25~0.05~0.15~1~0.1~8~Pixel~SIN_IO~SIN_IO~0~0~0, RectanglePopupTrigger><1501.698><216.9624><100~50~Hold the jump button after jumping to perform a glide~0~6~-1~1~True~True~1~538.1334^331.4666, DangleFruit><2414.462><364.1706><0~0~2~3, DandelionPeach><397.9887><500.8421><-30.93335~27.73334~2~4, 
FadePalette: 2, 0.2065217, 0.2065217
